aryankc@Aryan-MacBook-Pro project % iverilog -o alu_sim veriblas.part1.v
aryankc@Aryan-MacBook-Pro project % vvp alu_sim                         
W X Y Z | r0 r1 r2 r3 r4 r5 r6 r7 r8 r9
-----------------------------------------
0 0 0 0 |  1  1  1  0  0  1  1  0  0  1
0 0 0 1 |  0  1  0  0  0  1  0  1  1  0
0 0 1 0 |  0  0  1  1  0  1  1  0  1  0
0 0 1 1 |  0  0  0  0  0  0  0  0  0  0
0 1 0 0 |  0  1  0  1  1  1  0  0  1  1
0 1 0 1 |  1  1  1  0  0  1  1  0  0  0
0 1 1 0 |  0  1  1  0  0  0  0  1  1  1
0 1 1 1 |  1  0  1  0  1  0  0  0  0  1
1 0 0 0 |  1  0  0  0  0  0  1  1  1  0
1 0 0 1 |  0  1  0  1  1  0  0  1  1  0
1 0 1 0 |  1  0  0  1  0  0  0  0  1  0
1 0 1 1 |  1  1  1  0  0  0  1  1  0  1
1 1 0 0 |  1  1  0  0  0  0  1  1  1  0
1 1 0 1 |  0  0  0  1  0  1  1  0  0  0
1 1 1 0 |  0  1  1  0  1  1  0  1  0  1
1 1 1 1 |  0  1  1  0  0  0  0  1  1  1
veriblas.part1.v:134: $finish called at 16 (1s)
